Poly	|V|	|F|	|S|	|B|	|A|	|X|	|E|
7000	10	36	12	2	0	14	22
7001	10	36	18	0	0	18	18
7002	10	28	6	0	0	6	22
7003	12	64	16	16	0	32	32
7004	13	80	80	0	0	80	0
7005	12	64	32	0	0	32	32
7006	11	48	16	0	0	16	32
7007	12	64	32	0	0	32	32
7008	11	48	16	8	0	24	24
7009	11	48	32	0	0	32	16
7010	10	32	8	0	0	8	24
7011	11	48	48	0	0	48	0
7012	10	32	16	0	0	16	16
7013	11	48	12	12	0	24	24
7014	12	60	60	0	0	60	0
7015	12	64	64	0	0	64	0
7016	11	48	24	0	0	24	24
7017	10	32	12	4	0	16	16
7018	10	32	6	2	0	8	24
7019	11	48	24	0	0	24	24
7020	11	48	32	0	0	32	16
7021	10	32	12	2	0	14	18
7022	10	32	12	4	0	16	16
7023	10	32	24	0	0	24	8
7024	10	36	12	0	0	12	24
7025	10	36	16	4	0	20	16
7026	10	36	36	0	0	36	0
7027	9	20	12	0	0	12	8
7028	11	48	12	0	0	12	36
7029	11	51	12	3	0	15	36
7030	11	51	12	3	0	15	36
7031	11	51	6	3	0	9	42
7032	11	51	6	0	0	6	45
7033	12	68	16	4	0	20	48
7034	11	48	6	1	0	7	41
7035	11	48	12	2	0	14	34
7036	11	51	12	0	0	12	39
7037	11	51	12	0	0	12	39
7038	11	51	12	3	0	15	36
7039	10	31	16	1	0	17	14
7040	10	31	8	1	0	9	22
7041	10	28	8	2	0	10	18
7042	10	28	8	1	0	9	19
7043	10	31	4	1	0	5	26
7044	10	28	4	1	0	5	23
7045	10	28	4	1	0	5	23
7046	10	32	8	8	0	16	16
7047	11	40	8	0	0	8	32
7048	10	32	8	8	0	16	16
7049	11	40	16	0	0	16	24
7050	11	44	12	4	0	16	28
7051	11	44	12	4	0	16	28
7052	11	44	12	0	0	12	32
7053	10	36	12	2	0	14	22
7054	10	32	6	2	0	8	24
7055	11	44	12	0	0	12	32
7056	10	36	6	2	0	8	28
7057	10	32	4	4	0	8	24
7058	11	40	8	0	0	8	32
7059	11	44	6	0	0	6	38
7060	11	44	12	2	0	14	30
7061	10	35	6	1	0	7	28
7062	11	48	6	2	0	8	40
7063	10	37	6	1	0	7	30
7064	10	32	8	8	0	16	16
7065	11	40	8	0	0	8	32
7066	11	44	6	2	0	8	36
7067	11	44	12	0	0	12	32
7068	10	36	6	0	0	6	30
7069	10	32	4	4	0	8	24
7070	11	40	4	0	0	4	36
7071	10	32	4	4	0	8	24
7072	11	40	8	0	0	8	32
7073	11	44	6	2	0	8	36
7074	11	44	12	0	0	12	32
7075	10	36	6	1	0	7	29
7076	11	44	6	1	0	7	37
7077	10	35	6	1	0	7	28
7078	10	37	6	1	0	7	30
7079	11	51	6	3	0	9	42
7080	10	31	4	1	0	5	26
7081	11	48	12	6	0	18	30
7082	11	48	12	0	0	12	36
7083	11	48	8	2	0	10	38
7084	11	52	8	4	0	12	40
7085	11	48	6	3	0	9	39
7086	11	51	6	6	0	12	39
7087	11	48	12	12	0	24	24
7088	12	60	12	0	0	12	48
7089	12	60	24	0	0	24	36
7090	11	48	12	0	0	12	36
7091	11	48	24	0	0	24	24
7092	10	36	12	6	0	18	18
7093	11	48	12	6	0	18	30
7094	11	48	24	0	0	24	24
7095	11	48	12	3	0	15	33
7096	11	48	12	12	0	24	24
7097	12	60	24	0	0	24	36
7098	12	60	24	0	0	24	36
7099	11	48	12	0	0	12	36
7100	11	48	24	0	0	24	24
7101	10	36	12	6	0	18	18
7102	11	48	6	0	0	6	42
7103	11	48	12	0	0	12	36
7104	11	48	6	0	0	6	42
7105	11	48	6	6	0	12	36
7106	12	60	12	0	0	12	48
7107	11	48	12	0	0	12	36
7108	10	36	6	0	0	6	30
7109	11	52	16	0	0	16	36
7110	11	52	32	4	0	36	16
7111	11	52	8	2	0	10	42
7112	11	52	8	4	0	12	40
7113	11	48	6	3	0	9	39
7114	11	55	16	1	0	17	38
7115	12	64	16	8	0	24	40
7116	12	64	32	0	0	32	32
7117	11	52	16	4	0	20	32
7118	11	48	24	6	0	30	18
7119	11	48	12	0	0	12	36
7120	11	48	12	3	0	15	33
7121	11	48	12	6	0	18	30
7122	11	48	24	0	0	24	24
7123	10	36	6	2	0	8	28
7124	10	36	24	2	0	26	10
7125	10	36	18	4	0	22	14
7126	10	36	12	2	0	14	22
7127	11	48	16	0	0	16	32
7128	12	64	32	0	0	32	32
7129	12	64	32	0	0	32	32
7130	11	48	32	0	0	32	16
7131	11	48	12	0	0	12	36
7132	11	48	12	0	0	12	36
7133	11	48	24	0	0	24	24
7134	11	48	24	0	0	24	24
7135	10	32	24	0	0	24	8
7136	11	48	8	1	0	9	39
7137	11	48	8	4	0	12	36
7138	12	64	16	0	0	16	48
7139	11	48	16	0	0	16	32
7140	10	36	8	2	0	10	26
7141	10	36	8	2	0	10	26
7142	11	48	12	3	0	15	33
7143	11	48	6	6	0	12	36
7144	12	60	12	0	0	12	48
7145	11	51	12	0	0	12	39
7146	11	48	12	0	0	12	36
7147	11	48	12	0	0	12	36
7148	10	36	6	3	0	9	27
7149	12	64	16	4	0	20	44
7150	11	52	16	2	0	18	34
7151	11	48	12	3	0	15	33
7152	11	48	24	0	0	24	24
7153	10	37	12	1	0	13	24
7154	10	37	9	2	0	11	26
7155	10	37	12	1	0	13	24
7156	10	35	12	1	0	13	22
7157	12	64	16	16	0	32	32
7158	13	80	32	0	0	32	48
7159	12	64	32	0	0	32	32
7160	11	48	16	8	0	24	24
7161	12	60	24	0	0	24	36
7162	12	60	60	0	0	60	0
7163	11	48	24	0	0	24	24
7164	11	48	12	12	0	24	24
7165	11	48	24	0	0	24	24
7166	11	48	24	0	0	24	24
7167	11	44	12	4	0	16	28
7168	11	44	12	0	0	12	32
7169	11	44	12	2	0	14	30
7170	11	44	24	0	0	24	20
7171	10	32	6	2	0	8	24
7172	11	52	32	0	0	32	20
7173	10	32	12	4	0	16	16
7174	11	40	8	0	0	8	32
7175	11	40	16	0	0	16	24
7176	11	40	8	0	0	8	32
7177	11	40	16	0	0	16	24
7178	11	40	20	0	0	20	20
7179	11	40	16	0	0	16	24
7180	11	40	40	0	0	40	0
7181	10	32	16	0	0	16	16
7182	10	32	8	4	0	12	20
7183	10	32	8	8	0	16	16
7184	10	32	8	8	0	16	16
7185	11	48	24	0	0	24	24
7186	10	32	4	4	0	8	24
7187	10	32	16	8	0	24	8
7188	10	32	16	0	0	16	16
7189	10	32	8	4	0	12	20
7190	10	32	8	4	0	12	20
7191	10	32	8	8	0	16	16
7192	10	32	16	0	0	16	16
7193	10	32	16	0	0	16	16
7194	10	28	8	2	0	10	18
7195	10	28	8	1	0	9	19
7196	10	28	4	1	0	5	23
7197	11	44	24	0	0	24	20
7198	11	48	24	0	0	24	24
7199	10	28	8	2	0	10	18
7200	10	28	8	1	0	9	19
7201	10	28	16	0	0	16	12
7202	10	36	12	2	0	14	22
7203	10	36	24	0	0	24	12
7204	10	36	12	0	0	12	24
7205	10	36	12	1	0	13	23
7206	10	37	12	3	0	15	22
7207	10	36	12	6	0	18	18
7208	10	36	24	0	0	24	12
7209	9	20	8	2	0	10	10
7210	11	40	8	0	0	8	32
7211	10	32	8	4	0	12	20
7212	10	25	10	5	0	15	10
7213	11	30	10	0	0	10	20
7214	10	25	5	5	0	10	15
7215	11	40	4	4	0	8	32
7216	10	32	4	4	0	8	24
7217	10	25	5	5	0	10	15
7218	11	30	5	0	0	5	25
7219	10	25	5	5	0	10	15
7220	11	45	9	0	0	9	36
7221	12	54	9	0	0	9	45
7222	11	45	6	0	0	6	39
7223	11	48	6	3	0	9	39
7224	11	45	9	0	0	9	36
7225	12	60	12	0	0	12	48
7226	12	60	12	0	0	12	48
7227	11	48	12	0	0	12	36
7228	11	45	9	0	0	9	36
7229	11	48	12	6	0	18	30
7230	11	45	9	0	0	9	36
7231	11	45	18	0	0	18	27
7232	10	33	9	3	0	12	21
7233	10	33	12	1	0	13	20
7234	11	43	12	2	0	14	29
7235	11	40	8	0	0	8	32
7236	12	48	8	0	0	8	40
7237	11	40	8	8	0	16	24
7238	11	40	16	8	0	24	16
7239	12	48	16	0	0	16	32
7240	12	48	16	0	0	16	32
7241	11	40	8	8	0	16	24
7242	11	40	8	0	0	8	32
7243	10	32	8	4	0	12	20
7244	10	32	16	4	0	20	12
7245	10	32	8	4	0	12	20
7246	11	40	8	4	0	12	28
7247	12	48	24	0	0	24	24
7248	10	32	8	0	0	8	24
7249	11	45	6	3	0	9	36
7250	11	45	12	3	0	15	30
7251	10	33	12	0	0	12	21
7252	11	46	6	6	0	12	34
7253	10	33	6	2	0	8	25
7254	11	40	4	0	0	4	36
7255	11	40	8	4	0	12	28
7256	12	48	8	0	0	8	40
7257	11	40	4	4	0	8	32
7258	11	40	8	0	0	8	32
7259	10	32	8	4	0	12	20
7260	10	32	4	4	0	8	24
7261	11	40	8	0	0	8	32
7262	11	43	6	2	0	8	35
7263	11	40	8	8	0	16	24
7264	12	48	8	0	0	8	40
7265	12	48	16	0	0	16	32
7266	11	40	16	0	0	16	24
7267	10	32	8	4	0	12	20
7268	12	60	12	0	0	12	48
7269	11	48	12	0	0	12	36
7270	11	48	6	3	0	9	39
7271	12	60	12	0	0	12	48
7272	12	60	24	0	0	24	36
7273	11	48	12	0	0	12	36
7274	11	40	8	0	0	8	32
7275	11	40	16	0	0	16	24
7276	12	60	24	0	0	24	36
7277	11	44	24	0	0	24	20
7278	11	40	8	0	0	8	32
7279	11	40	16	0	0	16	24
7280	11	48	24	0	0	24	24
7281	10	28	8	0	0	8	20
7282	10	28	16	0	0	16	12
7283	11	48	6	3	0	9	39
7284	12	63	12	0	0	12	51
7285	12	64	16	4	0	20	44
7286	11	48	16	2	0	18	30
7287	11	48	12	0	0	12	36
7288	11	43	12	2	0	14	29
7289	10	32	12	1	0	13	19
7290	11	45	18	9	0	27	18
7291	12	54	18	0	0	18	36
7292	11	45	9	9	0	18	27
7293	11	45	12	3	0	15	30
7294	12	54	12	0	0	12	42
7295	11	45	6	3	0	9	36
7296	11	45	9	9	0	18	27
7297	12	54	9	0	0	9	45
7298	12	60	24	12	0	36	24
7299	13	72	24	0	0	24	48
7300	12	54	18	0	0	18	36
7301	12	54	18	0	0	18	36
7302	12	54	54	0	0	54	0
7303	11	45	9	0	0	9	36
7304	11	45	18	9	0	27	18
7305	11	45	18	0	0	18	27
7306	12	60	12	12	0	24	36
7307	11	48	24	6	0	30	18
7308	11	48	12	6	0	18	30
7309	11	45	18	0	0	18	27
7310	11	45	18	9	0	27	18
7311	11	45	9	9	0	18	27
7312	11	45	18	0	0	18	27
7313	11	45	18	0	0	18	27
7314	11	51	24	0	0	24	27
7315	10	33	18	3	0	21	12
7316	10	33	18	3	0	21	12
7317	10	33	9	3	0	12	21
7318	12	60	12	6	0	18	42
7319	13	72	36	0	0	36	36
7320	12	54	36	0	0	36	18
7321	11	45	12	0	0	12	33
7322	11	45	12	3	0	15	30
7323	11	48	12	0	0	12	36
7324	11	48	12	3	0	15	33
7325	10	33	12	0	0	12	21
7326	13	80	32	16	0	48	32
7327	14	96	96	0	0	96	0
7328	13	72	72	0	0	72	0
7329	12	60	24	0	0	24	36
7330	12	60	24	12	0	36	24
7331	12	48	16	0	0	16	32
7332	12	48	24	0	0	24	24
7333	12	48	48	0	0	48	0
7334	11	40	16	0	0	16	24
7335	11	40	8	0	0	8	32
7336	11	40	16	8	0	24	16
7337	11	40	8	4	0	12	28
7338	11	40	8	8	0	16	24
7339	11	40	16	0	0	16	24
7340	11	40	16	8	0	24	16
7341	11	40	40	0	0	40	0
7342	11	30	10	0	0	10	20
7343	11	30	5	0	0	5	25
7344	12	54	54	0	0	54	0
7345	11	30	10	0	0	10	20
7346	11	30	30	0	0	30	0
7347	10	25	10	0	0	10	15
7348	10	25	10	5	0	15	10
7349	10	25	5	5	0	10	15
7350	11	40	16	0	0	16	24
7351	10	25	5	5	0	10	15
7352	11	45	18	0	0	18	27
7353	11	45	45	0	0	45	0
7354	11	45	18	9	0	27	18
7355	10	25	10	0	0	10	15
7356	10	25	10	5	0	15	10
7357	10	25	5	5	0	10	15
7358	10	25	10	0	0	10	15
7359	10	25	10	5	0	15	10
7360	10	25	25	0	0	25	0
7361	12	64	32	8	0	40	24
7362	11	44	12	2	0	14	30
7363	11	44	24	4	0	28	16
7364	10	28	8	1	0	9	19
7365	11	48	24	0	0	24	24
7366	11	48	24	6	0	30	18
7367	10	28	8	1	0	9	19
7368	10	28	16	2	0	18	10
7369	10	32	8	4	0	12	20
7370	10	32	16	0	0	16	16
7371	10	32	16	0	0	16	16
7372	10	32	8	0	0	8	24
7373	10	33	12	1	0	13	20
7374	10	33	18	0	0	18	15
7375	10	33	18	0	0	18	15
7376	10	33	12	1	0	13	20
7377	10	32	16	4	0	20	12
7378	10	32	8	4	0	12	20
7379	10	32	8	0	0	8	24
7380	10	32	16	0	0	16	16
7381	10	32	16	4	0	20	12
7382	10	33	18	3	0	21	12
7383	9	17	10	1	0	11	6
7384	9	17	5	1	0	6	11
7385	9	20	10	10	0	20	0
7386	9	20	8	2	0	10	10
7387	10	25	5	0	0	5	20
7388	9	20	5	5	0	10	10
7389	10	28	8	2	0	10	18
7390	10	28	8	2	0	10	18
7391	10	28	8	0	0	8	20
7392	9	23	8	1	0	9	14
7393	9	20	5	5	0	10	10
7394	9	23	8	1	0	9	14
7395	10	25	5	0	0	5	20
7396	9	20	5	5	0	10	10
7397	10	28	4	1	0	5	23
7398	9	23	4	1	0	5	18
7399	10	36	12	0	0	12	24
7400	10	32	16	16	0	32	0
7401	10	32	16	0	0	16	16
7402	9	24	16	8	0	24	0
7403	10	32	8	8	0	16	16
7404	11	40	16	0	0	16	24
7405	10	32	8	0	0	8	24
7406	10	32	16	0	0	16	16
7407	9	24	8	0	0	8	16
7408	10	32	12	4	0	16	16
7409	10	32	12	0	0	12	20
7410	9	24	12	2	0	14	10
7411	10	32	8	0	0	8	24
7412	10	35	6	2	0	8	27
7413	10	32	6	1	0	7	25
7414	10	32	8	4	0	12	20
7415	11	40	8	0	0	8	32
7416	10	32	8	0	0	8	24
7417	10	32	8	8	0	16	16
7418	9	24	8	4	0	12	12
7419	10	36	6	1	0	7	29
7420	10	33	9	3	0	12	21
7421	10	33	6	0	0	6	27
7422	10	33	9	3	0	12	21
7423	11	44	12	4	0	16	28
7424	10	33	9	3	0	12	21
7425	10	36	12	2	0	14	22
7426	9	25	9	1	0	10	15
7427	10	32	8	8	0	16	16
7428	10	32	8	0	0	8	24
7429	9	24	8	8	0	16	8
7430	10	32	6	2	0	8	24
7431	9	24	6	4	0	10	14
7432	10	32	8	4	0	12	20
7433	10	32	8	8	0	16	16
7434	10	32	8	0	0	8	24
7435	9	24	8	4	0	12	12
7436	10	32	4	0	0	4	28
7437	10	32	4	4	0	8	24
7438	10	32	8	0	0	8	24
7439	9	24	4	4	0	8	16
7440	10	33	6	1	0	7	26
7441	10	36	12	2	0	14	22
7442	10	36	12	1	0	13	23
7443	9	25	12	1	0	13	12
7444	10	32	8	0	0	8	24
7445	10	39	6	3	0	9	30
7446	10	39	18	0	0	18	21
7447	10	36	18	18	0	36	0
7448	10	36	12	6	0	18	18
7449	10	36	12	6	0	18	18
7450	10	40	16	4	0	20	20
7451	10	36	9	9	0	18	18
7452	10	39	24	3	0	27	12
7453	10	39	12	6	0	18	21
7454	11	48	24	24	0	48	0
7455	11	48	24	0	0	24	24
7456	10	36	24	12	0	36	0
7457	10	36	12	6	0	18	18
7458	10	36	9	9	0	18	18
7459	10	36	18	18	0	36	0
7460	10	36	18	0	0	18	18
7461	9	24	18	6	0	24	0
7462	10	36	12	6	0	18	18
7463	10	36	6	0	0	6	30
7464	10	36	8	2	0	10	26
7465	10	36	6	3	0	9	27
7466	10	39	12	0	0	12	27
7467	11	48	12	12	0	24	24
7468	11	48	24	0	0	24	24
7469	10	36	12	0	0	12	24
7470	11	48	24	0	0	24	24
7471	10	36	12	6	0	18	18
7472	10	36	24	0	0	24	12
7473	10	36	12	6	0	18	18
7474	10	36	24	0	0	24	12
7475	9	24	12	0	0	12	12
7476	10	36	6	3	0	9	27
7477	11	48	16	8	0	24	24
7478	10	36	16	4	0	20	16
7479	10	36	12	6	0	18	18
7480	9	24	12	2	0	14	10
7481	11	45	9	0	0	9	36
7482	10	36	9	9	0	18	18
7483	11	48	12	6	0	18	30
7484	10	39	12	3	0	15	24
7485	10	33	9	3	0	12	21
7486	11	48	12	12	0	24	24
7487	10	36	12	6	0	18	18
7488	10	36	18	0	0	18	18
7489	10	36	9	9	0	18	18
7490	10	36	18	0	0	18	18
7491	10	36	18	0	0	18	18
7492	10	39	24	0	0	24	15
7493	9	24	9	3	0	12	12
7494	10	32	8	4	0	12	20
7495	10	32	12	0	0	12	20
7496	11	52	32	4	0	36	16
7497	10	36	24	2	0	26	10
7498	10	36	18	4	0	22	14
7499	10	39	24	3	0	27	12
7500	9	23	8	1	0	9	14
7501	9	23	8	1	0	9	14
7502	9	23	16	1	0	17	6
7503	9	23	12	2	0	14	9
7504	10	28	8	2	0	10	18
7505	10	25	5	0	0	5	20
7506	10	25	10	0	0	10	15
7507	9	17	5	1	0	6	11
7508	9	17	5	1	0	6	11
7509	12	64	32	32	0	64	0
7510	12	64	64	0	0	64	0
7511	11	48	32	16	0	48	0
7512	11	48	24	24	0	48	0
7513	11	48	48	0	0	48	0
7514	10	32	12	4	0	16	16
7515	10	32	24	8	0	32	0
7516	10	32	16	16	0	32	0
7517	10	32	8	8	0	16	16
7518	10	32	8	8	0	16	16
7519	11	48	48	0	0	48	0
7520	10	32	16	0	0	16	16
7521	10	32	16	8	0	24	8
7522	10	32	16	16	0	32	0
7523	10	32	32	0	0	32	0
7524	9	20	8	2	0	10	10
7525	10	36	24	12	0	36	0
7526	9	20	8	2	0	10	10
7527	9	20	16	4	0	20	0
7528	9	20	10	10	0	20	0
7529	9	20	5	5	0	10	10
7530	9	20	5	5	0	10	10
7531	10	32	16	0	0	16	16
7532	10	32	16	0	0	16	16
7533	10	36	18	18	0	36	0
7534	10	36	36	0	0	36	0
7535	10	32	32	0	0	32	0
7536	9	20	10	5	0	15	5
7537	9	20	10	10	0	20	0
7538	9	20	5	5	0	10	10
7539	9	20	10	5	0	15	5
7540	9	20	10	10	0	20	0
7541	9	20	20	0	0	20	0
7542	9	23	8	1	0	9	14
7543	9	24	16	8	0	24	0
7544	9	24	8	0	0	8	16
7545	9	24	12	2	0	14	10
7546	9	24	8	4	0	12	12
7547	9	25	18	1	0	19	6
7548	9	24	18	6	0	24	0
7549	9	24	16	8	0	24	0
7550	9	24	24	0	0	24	0
7551	8	12	10	2	0	12	0
7552	8	12	6	6	0	12	0
7553	9	20	10	10	0	20	0
7554	9	20	10	0	0	10	10
7555	8	15	10	5	0	15	0
7556	9	20	5	5	0	10	10
7557	9	20	5	0	0	5	15
7558	8	15	5	5	0	10	5
7559	9	24	12	12	0	24	0
7560	9	24	8	4	0	12	12
7561	9	24	9	3	0	12	12
7562	9	27	12	2	0	14	13
7563	10	32	16	16	0	32	0
7564	10	32	16	0	0	16	16
7565	9	24	16	8	0	24	0
7566	9	24	9	3	0	12	12
7567	9	24	12	12	0	24	0
7568	9	24	12	0	0	12	12
7569	8	16	12	4	0	16	0
7570	9	24	8	4	0	12	12
7571	9	24	4	8	0	12	12
7572	9	28	18	2	0	20	8
7573	10	32	8	8	0	16	16
7574	9	24	8	16	0	24	0
7575	9	24	8	4	0	12	12
7576	9	24	16	4	0	20	4
7577	8	16	8	8	0	16	0
7578	10	36	18	18	0	36	0
7579	10	36	18	0	0	18	18
7580	9	27	18	9	0	27	0
7581	10	36	9	9	0	18	18
7582	9	27	9	0	0	9	18
7583	10	36	12	6	0	18	18
7584	9	27	12	3	0	15	12
7585	11	48	24	24	0	48	0
7586	10	36	24	12	0	36	0
7587	10	36	18	18	0	36	0
7588	10	36	36	0	0	36	0
7589	9	24	9	3	0	12	12
7590	9	24	18	6	0	24	0
7591	9	24	12	12	0	24	0
7592	9	24	8	4	0	12	12
7593	9	24	12	12	0	24	0
7594	9	24	24	0	0	24	0
7595	9	27	18	9	0	27	0
7596	8	15	12	3	0	15	0
7597	12	64	64	64	64	0	64
7598	11	48	48	48	48	0	48
7599	10	32	16	16	0	32	0
7600	10	32	32	32	32	0	32
7601	9	20	10	10	0	20	0
7602	9	20	5	5	0	10	10
7603	10	36	36	36	36	0	36
7604	9	20	10	10	0	20	0
7605	9	20	20	20	20	0	20
7606	8	12	6	6	0	12	0
7607	9	20	10	0	0	10	10
7608	9	24	16	8	0	24	0
7609	9	24	12	12	0	24	0
7610	9	24	24	24	24	0	24
7611	8	12	6	6	0	12	0
7612	8	12	6	6	0	12	0
7613	8	12	12	12	12	0	12
7614	8	15	10	5	0	15	0
7615	8	15	5	10	0	15	0
7616	8	16	12	4	0	16	0
7617	9	27	27	27	27	0	27
7618	8	15	10	5	0	15	0
7619	8	15	15	15	15	0	15
7620	8	16	16	16	16	0	16
7621	7	7	7	7	7	0	7
