Pol	|V|	|F|	|S|	|B|	|A|	|X|	|E|
0	9	17	5	1	0	6	11
1	8	12	6	6	0	12	0
2	9	23	6	4	0	10	13
3	10	25	10	5	0	15	10
4	11	30	10	0	0	10	20
5	10	25	5	5	0	10	15
6	10	28	8	2	0	10	18
7	9	20	10	10	0	20	0
8	9	20	5	5	0	10	10
9	10	25	5	0	0	5	20
10	10	28	8	2	0	10	18
11	10	28	6	0	0	6	22
12	9	20	8	2	0	10	10
13	10	28	8	2	0	10	18
14	10	28	8	2	0	10	18
15	10	28	8	0	0	8	20
16	9	23	8	1	0	9	14
17	9	20	10	10	0	20	0
18	9	20	10	0	0	10	10
19	8	15	10	5	0	15	0
20	10	35	6	2	0	8	27
21	10	35	6	0	0	6	29
22	9	27	6	2	0	8	19
23	10	25	5	5	0	10	15
24	11	30	5	0	0	5	25
25	10	25	5	5	0	10	15
26	10	28	4	1	0	5	23
27	10	25	10	0	0	10	15
28	9	20	5	5	0	10	10
29	10	28	4	1	0	5	23
30	9	20	5	5	0	10	10
31	10	25	5	0	0	5	20
32	11	39	6	0	0	6	33
33	10	34	6	0	0	6	28
34	10	28	8	1	0	9	19
35	9	23	8	1	0	9	14
36	10	31	8	1	0	9	22
37	10	34	6	0	0	6	28
38	10	28	4	1	0	5	23
39	10	28	4	0	0	4	24
40	9	23	4	1	0	5	18
41	9	23	8	1	0	9	14
42	9	20	5	5	0	10	10
43	10	25	10	0	0	10	15
44	9	20	10	5	0	15	5
45	9	20	5	0	0	5	15
46	8	15	5	5	0	10	5
47	10	35	9	2	0	11	24
48	10	39	6	0	0	6	33
49	10	35	3	2	0	5	30
50	11	43	9	0	0	9	34
51	10	35	6	2	0	8	27
52	9	27	3	4	0	7	20
53	10	25	5	5	0	10	15
54	11	30	5	0	0	5	25
55	10	28	4	1	0	5	23
56	10	25	5	0	0	5	20
57	9	20	5	5	0	10	10
58	11	39	3	0	0	3	36
59	10	34	3	0	0	3	31
60	10	31	8	1	0	9	22
61	10	34	6	0	0	6	28
62	10	28	4	1	0	5	23
63	10	28	8	1	0	9	19
64	9	23	4	1	0	5	18
65	9	23	4	2	0	6	17
66	9	20	5	5	0	10	10
67	10	25	5	0	0	5	20
68	9	20	5	5	0	10	10
69	8	15	5	10	0	15	0
70	10	34	12	0	0	12	22
71	9	25	3	9	0	12	13
72	10	32	8	4	0	12	20
73	10	33	9	3	0	12	21
74	9	24	12	12	0	24	0
75	10	32	8	4	0	12	20
76	10	32	4	0	0	4	28
77	9	24	8	4	0	12	12
78	10	33	9	3	0	12	21
79	10	33	6	0	0	6	27
80	9	24	9	3	0	12	12
81	10	32	6	1	0	7	25
82	10	33	9	3	0	12	21
83	10	33	6	0	0	6	27
84	9	24	9	3	0	12	12
85	11	43	12	0	0	12	31
86	10	35	6	2	0	8	27
87	10	35	6	2	0	8	27
88	10	33	6	3	0	9	24
89	10	33	3	0	0	3	30
90	9	24	6	6	0	12	12
91	10	36	8	8	0	16	20
92	10	36	4	4	0	8	28
93	10	36	8	4	0	12	24
94	10	36	4	0	0	4	32
95	10	40	16	0	0	16	24
96	10	36	8	8	0	16	20
97	10	36	8	0	0	8	28
98	9	28	8	4	0	12	16
99	11	40	16	8	0	24	16
100	12	48	16	0	0	16	32
101	11	40	8	8	0	16	24
102	11	44	12	4	0	16	28
103	10	32	16	16	0	32	0
104	10	32	8	8	0	16	16
105	11	40	8	0	0	8	32
106	11	40	8	8	0	16	24
107	12	48	8	0	0	8	40
108	11	40	8	8	0	16	24
109	11	44	6	2	0	8	36
110	11	40	16	0	0	16	24
111	10	32	8	8	0	16	16
112	11	40	12	2	0	14	26
113	12	48	12	0	0	12	36
114	11	40	6	2	0	8	32
115	11	40	8	0	0	8	32
116	12	48	8	0	0	8	40
117	11	40	8	8	0	16	24
118	11	43	12	2	0	14	29
119	11	40	16	8	0	24	16
120	12	48	16	0	0	16	32
121	12	48	16	0	0	16	32
122	11	40	8	8	0	16	24
123	11	40	8	0	0	8	32
124	10	32	8	4	0	12	20
125	10	32	16	4	0	20	12
126	10	32	8	4	0	12	20
127	11	44	12	4	0	16	28
128	11	44	8	0	0	8	36
129	10	32	12	4	0	16	16
130	11	44	12	4	0	16	28
131	11	44	12	4	0	16	28
132	11	44	12	0	0	12	32
133	10	36	12	2	0	14	22
134	10	32	16	16	0	32	0
135	10	32	16	0	0	16	16
136	9	24	16	8	0	24	0
137	11	40	8	4	0	12	28
138	12	48	8	0	0	8	40
139	11	40	4	4	0	8	32
140	10	32	8	8	0	16	16
141	11	40	8	0	0	8	32
142	13	66	18	0	0	18	48
143	12	55	6	1	0	7	48
144	11	47	6	0	0	6	41
145	11	40	8	0	0	8	32
146	12	48	24	0	0	24	24
147	11	40	8	4	0	12	28
148	10	32	8	0	0	8	24
149	10	32	4	4	0	8	24
150	11	44	6	2	0	8	36
151	11	44	4	0	0	4	40
152	10	32	6	2	0	8	24
153	11	44	6	2	0	8	36
154	11	44	6	2	0	8	36
155	11	44	6	0	0	6	38
156	10	36	6	0	0	6	30
157	10	32	8	8	0	16	16
158	11	40	16	0	0	16	24
159	10	32	16	0	0	16	16
160	10	32	8	0	0	8	24
161	9	24	8	0	0	8	16
162	10	32	6	2	0	8	24
163	11	40	6	0	0	6	34
164	10	35	6	1	0	7	28
165	10	32	8	4	0	12	20
166	10	32	8	0	0	8	24
167	11	40	8	0	0	8	32
168	10	32	6	1	0	7	25
169	10	35	6	2	0	8	27
170	10	32	8	8	0	16	16
171	11	40	8	0	0	8	32
172	11	40	8	0	0	8	32
173	10	32	8	0	0	8	24
174	10	32	8	0	0	8	24
175	9	24	8	4	0	12	12
176	11	44	12	4	0	16	28
177	11	44	8	0	0	8	36
178	10	32	12	4	0	16	16
179	11	44	8	0	0	8	36
180	11	44	12	4	0	16	28
181	11	44	12	4	0	16	28
182	11	44	12	0	0	12	32
183	10	36	12	2	0	14	22
184	11	44	4	0	0	4	40
185	10	32	8	0	0	8	24
186	11	44	8	0	0	8	36
187	11	44	8	0	0	8	36
188	11	44	8	0	0	8	36
189	10	36	8	0	0	8	28
190	10	32	12	4	0	16	16
191	10	32	12	0	0	12	20
192	9	24	12	2	0	14	10
193	10	33	9	3	0	12	21
194	10	33	6	3	0	9	24
195	10	33	9	3	0	12	21
196	10	36	6	1	0	7	29
197	10	33	9	3	0	12	21
198	11	44	24	4	0	28	16
199	11	44	12	4	0	16	28
200	11	44	24	0	0	24	20
201	10	36	12	2	0	14	22
202	10	33	6	0	0	6	27
203	10	39	8	0	0	8	31
204	11	44	12	4	0	16	28
205	11	44	12	0	0	12	32
206	10	36	12	2	0	14	22
207	10	33	18	3	0	21	12
208	10	33	9	3	0	12	21
209	10	33	6	0	0	6	27
210	10	33	9	3	0	12	21
211	11	44	24	0	0	24	20
212	10	33	18	3	0	21	12
213	10	33	9	0	0	9	24
214	10	33	18	0	0	18	15
215	10	39	24	2	0	26	13
216	9	25	9	1	0	10	15
217	9	24	12	12	0	24	0
218	9	24	8	4	0	12	12
219	9	24	9	3	0	12	12
220	9	27	12	2	0	14	13
221	10	32	16	16	0	32	0
222	10	32	16	0	0	16	16
223	9	24	16	8	0	24	0
224	9	24	9	3	0	12	12
225	9	24	12	12	0	24	0
226	10	32	16	0	0	16	16
227	9	24	12	0	0	12	12
228	9	24	12	0	0	12	12
229	8	16	12	4	0	16	0
230	11	49	24	0	0	24	25
231	10	37	8	3	0	11	26
232	10	40	4	3	0	7	33
233	11	55	11	0	0	11	44
234	11	56	13	0	0	13	43
235	11	49	8	0	0	8	41
236	11	49	8	0	0	8	41
237	10	40	8	0	0	8	32
238	11	52	14	0	0	14	38
239	10	40	4	3	0	7	33
240	11	57	17	2	0	19	38
241	10	37	3	6	0	9	28
242	10	37	4	0	0	4	33
243	10	40	24	0	0	24	16
244	9	28	3	6	0	9	19
245	10	32	8	4	0	12	20
246	10	32	4	0	0	4	28
247	10	33	6	1	0	7	26
248	9	24	8	4	0	12	12
249	10	32	8	4	0	12	20
250	10	32	4	0	0	4	28
251	10	33	6	1	0	7	26
252	9	24	8	4	0	12	12
253	10	32	4	4	0	8	24
254	10	32	4	0	0	4	28
255	10	32	8	0	0	8	24
256	9	24	4	4	0	8	16
257	10	35	6	2	0	8	27
258	11	43	6	0	0	6	37
259	10	35	9	2	0	11	24
260	11	43	6	0	0	6	37
261	10	35	6	2	0	8	27
262	10	35	6	2	0	8	27
263	11	47	6	1	0	7	40
264	11	50	6	0	0	6	44
265	10	39	6	1	0	7	32
266	11	47	3	0	0	3	44
267	11	50	6	0	0	6	44
268	10	39	3	0	0	3	36
269	10	40	4	1	0	5	35
270	10	36	6	1	0	7	29
271	11	50	6	1	0	7	43
272	10	36	4	4	0	8	28
273	10	40	4	2	0	6	34
274	11	49	3	0	0	3	46
275	11	58	24	0	0	24	34
276	10	41	3	0	0	3	38
277	11	56	26	0	0	26	30
278	10	40	8	4	0	12	28
279	10	36	6	4	0	10	26
280	9	28	6	4	0	10	18
281	10	36	4	4	0	8	28
282	10	40	4	2	0	6	34
283	11	49	4	0	0	4	45
284	11	58	28	0	0	28	30
285	10	41	4	0	0	4	37
286	10	44	4	4	0	8	36
287	11	60	16	0	0	16	44
288	11	57	16	0	0	16	41
289	11	56	8	0	0	8	48
290	11	56	8	0	0	8	48
291	10	44	8	0	0	8	36
292	10	40	12	2	0	14	26
293	10	41	6	0	0	6	35
294	10	36	4	4	0	8	28
295	10	36	6	0	0	6	30
296	9	28	4	4	0	8	20
297	12	72	32	0	0	32	40
298	11	56	8	8	0	16	40
299	11	52	8	4	0	12	40
300	11	52	8	0	0	8	44
301	10	40	8	4	0	12	28
302	11	60	4	4	0	8	52
303	12	72	8	0	0	8	64
304	13	88	32	0	0	32	56
305	12	72	32	0	0	32	40
306	11	56	8	8	0	16	40
307	11	52	12	0	0	12	40
308	11	56	6	0	0	6	50
309	11	52	4	4	0	8	44
310	12	64	12	0	0	12	52
311	11	52	8	0	0	8	44
312	11	52	8	0	0	8	44
313	10	40	4	0	0	4	36
314	12	72	20	0	0	20	52
315	11	56	6	4	0	10	46
316	11	52	8	2	0	10	42
317	11	52	12	0	0	12	40
318	10	40	8	2	0	10	30
319	11	52	4	0	0	4	48
320	11	52	6	0	0	6	46
321	11	56	32	0	0	32	24
322	10	40	4	0	0	4	36
323	11	57	8	2	0	10	47
324	10	44	8	4	0	12	32
325	11	56	8	0	0	8	48
326	11	60	24	0	0	24	36
327	10	44	8	4	0	12	32
328	11	56	8	0	0	8	48
329	11	60	16	0	0	16	44
330	11	60	16	0	0	16	44
331	11	60	8	2	0	10	50
332	11	60	20	0	0	20	40
333	12	72	32	0	0	32	40
334	11	56	8	8	0	16	40
335	12	72	32	0	0	32	40
336	11	56	32	0	0	32	24
337	11	56	8	0	0	8	48
338	11	60	24	0	0	24	36
339	10	44	8	4	0	12	32
340	10	44	8	4	0	12	32
341	10	44	24	0	0	24	20
342	10	40	8	2	0	10	30
343	10	40	4	2	0	6	34
344	10	40	4	2	0	6	34
345	10	43	12	2	0	14	29
346	10	40	4	2	0	6	34
347	10	44	6	0	0	6	38
348	10	44	6	2	0	8	36
349	11	52	8	4	0	12	40
350	11	52	12	0	0	12	40
351	10	40	8	4	0	12	28
352	11	52	12	0	0	12	40
353	10	40	8	2	0	10	30
354	10	40	6	2	0	8	32
355	10	40	8	2	0	10	30
356	10	40	12	0	0	12	28
357	10	44	26	0	0	26	18
358	9	28	8	2	0	10	18
359	11	40	8	8	0	16	24
360	12	48	8	0	0	8	40
361	11	40	8	8	0	16	24
362	11	40	8	4	0	12	28
363	12	48	8	0	0	8	40
364	11	40	4	4	0	8	32
365	11	44	6	2	0	8	36
366	11	40	16	0	0	16	24
367	10	32	8	8	0	16	16
368	11	44	6	2	0	8	36
369	10	32	8	8	0	16	16
370	11	40	8	0	0	8	32
371	11	40	4	4	0	8	32
372	12	48	4	0	0	4	44
373	11	40	4	4	0	8	32
374	11	44	3	1	0	4	40
375	11	40	8	0	0	8	32
376	10	32	4	4	0	8	24
377	12	55	12	1	0	13	42
378	13	66	12	0	0	12	54
379	12	55	6	1	0	7	48
380	11	47	12	1	0	13	34
381	11	47	6	1	0	7	40
382	11	40	4	0	0	4	36
383	12	48	4	0	0	4	44
384	11	40	4	4	0	8	32
385	11	47	6	1	0	7	40
386	11	40	8	4	0	12	28
387	12	48	8	0	0	8	40
388	12	48	8	0	0	8	40
389	11	40	4	4	0	8	32
390	11	40	4	0	0	4	36
391	10	32	4	4	0	8	24
392	10	32	8	4	0	12	20
393	10	32	4	4	0	8	24
394	12	60	8	0	0	8	52
395	11	52	8	0	0	8	44
396	11	44	12	2	0	14	30
397	10	36	12	2	0	14	22
398	11	48	12	2	0	14	34
399	11	52	8	0	0	8	44
400	11	44	6	2	0	8	36
401	11	44	6	0	0	6	38
402	10	36	6	2	0	8	28
403	10	36	12	2	0	14	22
404	10	32	8	8	0	16	16
405	11	40	16	0	0	16	24
406	10	32	16	8	0	24	8
407	10	32	8	0	0	8	24
408	9	24	8	8	0	16	8
409	11	40	8	8	0	16	24
410	12	48	8	0	0	8	40
411	11	40	8	8	0	16	24
412	11	44	6	2	0	8	36
413	11	40	8	0	0	8	32
414	10	32	8	8	0	16	16
415	11	40	8	4	0	12	28
416	12	48	8	0	0	8	40
417	11	40	4	4	0	8	32
418	11	44	6	2	0	8	36
419	10	32	8	8	0	16	16
420	11	40	8	0	0	8	32
421	11	40	4	4	0	8	32
422	12	48	4	0	0	4	44
423	11	40	4	4	0	8	32
424	13	66	6	0	0	6	60
425	12	55	6	1	0	7	48
426	12	55	3	1	0	4	51
427	11	47	6	0	0	6	41
428	11	47	3	0	0	3	44
429	11	40	8	0	0	8	32
430	11	40	4	0	0	4	36
431	12	48	8	0	0	8	40
432	11	40	8	4	0	12	28
433	11	47	6	0	0	6	41
434	12	48	8	0	0	8	40
435	12	48	24	0	0	24	24
436	11	40	8	4	0	12	28
437	11	40	4	4	0	8	32
438	11	40	8	0	0	8	32
439	10	32	8	0	0	8	24
440	10	32	8	0	0	8	24
441	10	32	4	0	0	4	28
442	11	44	3	1	0	4	40
443	10	32	4	4	0	8	24
444	12	60	4	0	0	4	56
445	11	52	4	0	0	4	48
446	11	48	12	0	0	12	36
447	11	52	8	0	0	8	44
448	11	44	6	2	0	8	36
449	11	44	12	0	0	12	32
450	10	36	6	0	0	6	30
451	11	48	12	0	0	12	36
452	11	52	8	0	0	8	44
453	11	44	6	2	0	8	36
454	11	44	12	0	0	12	32
455	10	36	6	0	0	6	30
456	10	36	6	0	0	6	30
457	10	32	8	8	0	16	16
458	11	40	8	0	0	8	32
459	10	32	8	0	0	8	24
460	10	32	8	0	0	8	24
461	9	24	8	0	0	8	16
462	11	40	6	2	0	8	32
463	12	48	6	0	0	6	42
464	11	40	6	2	0	8	32
465	11	40	16	8	0	24	16
466	12	48	16	0	0	16	32
467	11	40	8	0	0	8	32
468	11	40	8	0	0	8	32
469	12	48	8	0	0	8	40
470	11	40	8	8	0	16	24
471	11	43	6	2	0	8	35
472	11	43	6	2	0	8	35
473	11	40	8	8	0	16	24
474	12	48	8	0	0	8	40
475	11	40	8	8	0	16	24
476	12	48	16	0	0	16	32
477	12	48	8	0	0	8	40
478	11	40	16	0	0	16	24
479	11	40	8	0	0	8	32
480	10	32	16	4	0	20	12
481	10	32	8	4	0	12	20
482	10	32	8	4	0	12	20
483	10	32	8	4	0	12	20
484	10	32	4	4	0	8	24
485	11	40	4	0	0	4	36
486	11	44	6	2	0	8	36
487	11	44	4	0	0	4	40
488	11	40	12	0	0	12	28
489	10	32	6	2	0	8	24
490	11	44	12	0	0	12	32
491	11	44	6	2	0	8	36
492	11	44	6	2	0	8	36
493	11	44	6	0	0	6	38
494	10	36	6	1	0	7	29
495	10	32	16	0	0	16	16
496	10	32	8	4	0	12	20
497	10	35	12	2	0	14	21
498	11	40	16	0	0	16	24
499	10	32	8	8	0	16	16
500	11	40	16	0	0	16	24
501	10	32	16	0	0	16	16
502	10	32	8	0	0	8	24
503	9	24	8	4	0	12	12
504	10	32	4	4	0	8	24
505	11	40	4	0	0	4	36
506	11	44	6	2	0	8	36
507	11	44	4	0	0	4	40
508	10	32	6	2	0	8	24
509	11	40	6	0	0	6	34
510	11	44	6	0	0	6	38
511	11	44	12	2	0	14	30
512	11	44	6	2	0	8	36
513	11	44	12	0	0	12	32
514	10	36	6	1	0	7	29
515	10	32	8	4	0	12	20
516	10	32	8	0	0	8	24
517	11	40	16	0	0	16	24
518	10	35	6	2	0	8	27
519	10	32	8	8	0	16	16
520	11	40	8	0	0	8	32
521	11	40	8	0	0	8	32
522	11	40	16	0	0	16	24
523	10	32	8	0	0	8	24
524	10	32	8	0	0	8	24
525	10	32	16	0	0	16	16
526	9	24	8	4	0	12	12
527	10	32	4	4	0	8	24
528	11	40	8	0	0	8	32
529	11	40	4	0	0	4	36
530	10	35	6	1	0	7	28
531	11	47	3	0	0	3	44
532	12	55	6	0	0	6	49
533	11	44	3	1	0	4	40
534	11	47	6	0	0	6	41
535	11	44	6	0	0	6	38
536	10	36	3	0	0	3	33
537	10	32	4	0	0	4	28
538	10	32	8	4	0	12	20
539	11	50	15	0	0	15	35
540	10	39	6	0	0	6	33
541	11	40	8	0	0	8	32
542	11	40	20	0	0	20	20
543	10	32	4	4	0	8	24
544	11	40	8	0	0	8	32
545	10	32	8	0	0	8	24
546	10	32	8	0	0	8	24
547	10	32	4	0	0	4	28
548	9	24	4	0	0	4	20
549	10	35	3	1	0	4	31
550	11	47	6	0	0	6	41
551	11	44	6	1	0	7	37
552	12	55	6	0	0	6	49
553	11	47	6	0	0	6	41
554	10	36	6	1	0	7	29
555	10	32	4	0	0	4	28
556	10	32	4	0	0	4	28
557	11	40	8	0	0	8	32
558	10	39	6	1	0	7	32
559	10	32	4	4	0	8	24
560	11	40	4	0	0	4	36
561	11	40	8	0	0	8	32
562	10	32	8	4	0	12	20
563	10	32	4	0	0	4	28
564	10	32	8	0	0	8	24
565	9	24	4	4	0	8	16
566	12	60	8	0	0	8	52
567	11	52	8	0	0	8	44
568	11	44	12	2	0	14	30
569	10	36	12	2	0	14	22
570	12	60	8	0	0	8	52
571	11	52	8	0	0	8	44
572	11	48	24	2	0	26	22
573	11	52	16	0	0	16	36
574	11	44	6	2	0	8	36
575	11	44	12	0	0	12	32
576	10	36	6	2	0	8	28
577	12	60	4	0	0	4	56
578	11	52	4	0	0	4	48
579	11	44	8	0	0	8	36
580	10	36	8	0	0	8	28
581	11	52	16	0	0	16	36
582	11	48	16	0	0	16	32
583	11	52	8	0	0	8	44
584	11	44	4	0	0	4	40
585	11	44	8	0	0	8	36
586	10	36	4	0	0	4	32
587	10	36	12	2	0	14	22
588	10	36	8	0	0	8	28
589	10	32	6	2	0	8	24
590	11	40	12	0	0	12	28
591	10	32	12	2	0	14	18
592	10	32	6	0	0	6	26
593	9	24	6	2	0	8	16
594	11	49	6	3	0	9	40
595	11	48	12	1	0	13	35
596	11	48	6	1	0	7	41
597	11	48	12	1	0	13	35
598	11	48	12	1	0	13	35
599	11	49	8	0	0	8	41
600	11	49	4	0	0	4	45
601	11	49	8	1	0	9	40
602	12	60	16	0	0	16	44
603	11	52	16	0	0	16	36
604	11	49	4	0	0	4	45
605	12	60	8	0	0	8	52
606	11	52	8	0	0	8	44
607	12	60	16	0	0	16	44
608	11	49	8	0	0	8	41
609	11	49	16	1	0	17	32
610	11	49	8	0	0	8	41
611	11	49	16	0	0	16	33
612	10	38	8	0	0	8	30
613	10	36	12	1	0	13	23
614	10	33	6	1	0	7	26
615	10	36	6	1	0	7	29
616	10	36	8	1	0	9	27
617	10	40	8	1	0	9	31
618	11	44	12	2	0	14	30
619	10	36	12	2	0	14	22
620	11	44	12	0	0	12	32
621	10	33	12	1	0	13	20
622	10	36	12	1	0	13	23
623	10	36	12	0	0	12	24
624	9	25	12	1	0	13	12
625	10	40	12	2	0	14	26
626	10	41	6	0	0	6	35
627	11	49	6	3	0	9	40
628	11	52	12	0	0	12	40
629	10	40	6	3	0	9	31
630	10	33	6	1	0	7	26
631	10	36	6	1	0	7	29
632	10	36	3	1	0	4	32
633	11	47	12	0	0	12	35
634	11	44	12	2	0	14	30
635	10	36	12	2	0	14	22
636	11	48	24	2	0	26	22
637	11	48	24	1	0	25	23
638	10	37	24	1	0	25	12
639	10	39	8	0	0	8	31
640	11	52	16	0	0	16	36
641	10	41	8	1	0	9	32
642	10	41	16	0	0	16	25
643	11	44	6	2	0	8	36
644	11	44	12	0	0	12	32
645	10	36	6	2	0	8	28
646	11	44	12	0	0	12	32
647	11	44	12	0	0	12	32
648	10	36	6	1	0	7	29
649	10	36	12	1	0	13	23
650	10	33	6	1	0	7	26
651	10	33	12	0	0	12	21
652	10	36	24	0	0	24	12
653	9	25	6	1	0	7	18
654	9	28	6	4	0	10	18
655	9	24	8	4	0	12	12
656	9	24	8	4	0	12	12
657	9	24	4	4	0	8	16
658	10	32	8	0	0	8	24
659	10	35	9	0	0	9	26
660	9	27	9	2	0	11	16
661	10	35	12	2	0	14	21
662	9	27	6	2	0	8	19
663	10	36	12	2	0	14	22
664	9	28	12	1	0	13	15
665	10	32	8	8	0	16	16
666	11	40	16	0	0	16	24
667	10	32	16	8	0	24	8
668	10	32	8	0	0	8	24
669	9	24	8	8	0	16	8
670	10	35	12	2	0	14	21
671	10	32	16	0	0	16	16
672	10	32	8	0	0	8	24
673	11	40	40	0	0	40	0
674	9	24	8	4	0	12	12
675	9	24	16	4	0	20	4
676	9	24	8	4	0	12	12
677	10	32	16	0	0	16	16
678	10	32	32	0	0	32	0
679	9	24	8	0	0	8	16
680	9	24	16	4	0	20	4
681	9	24	16	0	0	16	8
682	8	16	8	4	0	12	4
683	11	57	17	0	0	17	40
684	12	70	30	0	0	30	40
685	11	52	14	3	0	17	35
686	10	37	4	6	0	10	27
687	11	54	4	0	0	4	50
688	12	70	17	0	0	17	53
689	11	54	14	0	0	14	40
690	12	78	78	0	0	78	0
691	10	37	4	6	0	10	27
692	11	46	4	0	0	4	42
693	11	57	17	0	0	17	40
694	12	66	32	0	0	32	34
695	11	53	13	2	0	15	38
696	11	57	34	0	0	34	23
697	12	61	14	0	0	14	47
698	13	76	76	0	0	76	0
699	12	61	30	0	0	30	31
700	11	46	14	0	0	14	32
701	11	49	4	3	0	7	42
702	11	49	11	3	0	14	35
703	11	52	30	0	0	30	22
704	10	37	4	6	0	10	27
705	10	37	11	0	0	11	26
706	12	70	17	0	0	17	53
707	11	57	10	2	0	12	45
708	12	78	21	0	0	21	57
709	13	100	48	0	0	48	52
710	12	75	18	2	0	20	55
711	11	54	4	4	0	8	46
712	12	78	78	0	0	78	0
713	11	57	34	0	0	34	23
714	12	73	21	1	0	22	51
715	11	57	34	0	0	34	23
716	10	41	13	1	0	14	27
717	11	49	4	3	0	7	42
718	12	72	20	2	0	22	50
719	13	102	60	1	0	61	41
720	14	140	140	0	0	140	0
721	12	70	70	0	0	70	0
722	11	52	30	3	0	33	19
723	10	37	4	6	0	10	27
724	11	49	24	0	0	24	25
725	10	37	4	6	0	10	27
726	10	37	11	6	0	17	20
727	10	40	14	3	0	17	23
728	9	25	4	9	0	13	12
729	10	34	34	0	0	34	0
730	10	32	4	4	0	8	24
731	10	33	3	2	0	5	28
732	10	32	12	0	0	12	20
733	9	24	4	8	0	12	12
734	11	49	9	0	0	9	40
735	10	37	3	6	0	9	28
736	11	46	6	0	0	6	40
737	10	37	9	3	0	12	25
738	11	49	9	0	0	9	40
739	10	40	6	3	0	9	31
740	10	37	3	6	0	9	28
741	11	47	6	1	0	7	40
742	11	50	9	0	0	9	41
743	10	39	6	1	0	7	32
744	11	49	9	0	0	9	40
745	10	37	3	6	0	9	28
746	11	46	3	0	0	3	43
747	11	49	6	0	0	6	43
748	10	36	9	2	0	11	25
749	11	49	9	0	0	9	40
750	10	40	6	2	0	8	32
751	11	50	9	1	0	10	40
752	12	76	16	0	0	16	60
753	11	56	4	4	0	8	48
754	11	52	4	2	0	6	46
755	11	52	6	0	0	6	46
756	10	40	4	2	0	6	34
757	12	73	17	0	0	17	56
758	12	73	17	0	0	17	56
759	11	53	3	4	0	7	46
760	11	57	6	2	0	8	49
761	12	70	6	0	0	6	64
762	11	53	6	2	0	8	45
763	11	53	6	2	0	8	45
764	12	66	12	0	0	12	54
765	11	57	3	2	0	5	52
766	12	73	6	1	0	7	66
767	11	57	12	0	0	12	45
768	12	78	34	0	0	34	44
769	11	53	12	2	0	14	39
770	11	61	34	0	0	34	27
771	10	41	3	4	0	7	34
772	11	57	17	0	0	17	40
773	11	53	3	0	0	3	50
774	11	57	6	0	0	6	51
775	11	53	6	4	0	10	43
776	12	69	6	0	0	6	63
777	11	57	4	0	0	4	53
778	12	78	36	0	0	36	42
779	11	57	6	0	0	6	51
780	11	53	4	0	0	4	49
781	12	73	28	0	0	28	45
782	11	53	6	4	0	10	43
783	12	73	34	0	0	34	39
784	11	53	6	0	0	6	47
785	11	61	16	0	0	16	45
786	11	61	20	0	0	20	41
787	11	61	17	2	0	19	42
788	11	61	20	2	0	22	39
789	10	41	4	0	0	4	37
790	11	58	58	0	0	58	0
791	10	41	6	0	0	6	35
792	10	41	6	1	0	7	34
793	10	41	3	0	0	3	38
794	11	58	15	0	0	15	43
795	11	56	6	4	0	10	46
796	11	56	12	0	0	12	44
797	12	80	80	0	0	80	0
798	11	60	12	0	0	12	48
799	10	40	3	2	0	5	35
800	11	53	6	2	0	8	45
801	10	40	6	4	0	10	30
802	11	66	18	0	0	18	48
803	12	96	96	0	0	96	0
804	11	67	16	0	0	16	51
805	10	44	6	1	0	7	37
806	11	56	28	0	0	28	28
807	11	56	17	0	0	17	39
808	12	76	36	0	0	36	40
809	11	56	16	4	0	20	36
810	10	40	4	8	0	12	28
811	10	44	4	0	0	4	40
812	11	56	4	0	0	4	52
813	11	61	6	0	0	6	55
814	11	60	10	2	0	12	48
815	12	72	16	0	0	16	56
816	11	56	16	0	0	16	40
817	11	56	4	4	0	8	48
818	11	60	34	0	0	34	26
819	10	44	4	0	0	4	40
820	10	44	12	0	0	12	32
821	10	40	6	4	0	10	30
822	11	53	6	2	0	8	45
823	11	57	6	1	0	7	50
824	10	40	3	4	0	7	33
825	10	41	6	1	0	7	34
826	11	52	6	2	0	8	44
827	10	40	6	2	0	8	32
828	10	40	6	4	0	10	30
829	10	40	12	0	0	12	28
830	10	44	17	2	0	19	25
831	10	44	16	4	0	20	24
832	9	28	6	2	0	8	20
833	11	40	4	4	0	8	32
834	12	48	4	0	0	4	44
835	11	40	4	4	0	8	32
836	11	44	3	1	0	4	40
837	11	40	8	0	0	8	32
838	10	32	4	4	0	8	24
839	11	44	3	1	0	4	40
840	10	32	4	4	0	8	24
841	11	40	4	0	0	4	36
842	12	55	6	1	0	7	48
843	13	66	6	0	0	6	60
844	11	47	6	1	0	7	40
845	11	40	8	4	0	12	28
846	12	48	8	0	0	8	40
847	11	40	4	0	0	4	36
848	11	47	12	1	0	13	34
849	11	40	4	4	0	8	32
850	12	48	4	0	0	4	44
851	12	48	8	0	0	8	40
852	11	40	8	0	0	8	32
853	10	32	8	4	0	12	20
854	10	32	4	4	0	8	24
855	12	60	4	0	0	4	56
856	11	52	4	0	0	4	48
857	11	47	6	1	0	7	40
858	12	55	12	0	0	12	43
859	11	47	12	0	0	12	35
860	11	44	6	1	0	7	37
861	10	36	6	1	0	7	29
862	11	44	6	1	0	7	37
863	11	48	12	1	0	13	35
864	11	52	8	0	0	8	44
865	11	44	3	1	0	4	40
866	11	44	6	0	0	6	38
867	10	36	3	1	0	4	32
868	10	32	8	4	0	12	20
869	10	32	4	4	0	8	24
870	11	50	12	0	0	12	38
871	10	39	12	1	0	13	26
872	11	47	12	0	0	12	35
873	10	36	6	1	0	7	29
874	11	40	8	0	0	8	32
875	11	40	8	0	0	8	32
876	10	32	8	0	0	8	24
877	10	32	4	4	0	8	24
878	11	40	8	0	0	8	32
879	10	32	8	4	0	12	20
880	10	32	4	0	0	4	28
881	9	24	4	4	0	8	16
882	11	49	3	3	0	6	43
883	12	61	6	0	0	6	55
884	11	52	6	3	0	9	43
885	12	64	6	0	0	6	58
886	11	48	6	1	0	7	41
887	11	49	6	3	0	9	40
888	12	61	12	0	0	12	49
889	12	61	6	0	0	6	55
890	11	49	3	3	0	6	43
891	11	52	12	3	0	15	37
892	11	48	12	1	0	13	35
893	13	81	8	0	0	8	73
894	12	70	8	0	0	8	62
895	11	56	4	0	0	4	52
896	12	80	80	0	0	80	0
897	11	56	8	0	0	8	48
898	11	49	4	0	0	4	45
899	12	60	8	0	0	8	52
900	11	49	8	0	0	8	41
901	11	52	8	0	0	8	44
902	10	38	8	0	0	8	30
903	10	37	6	6	0	12	25
904	11	57	12	0	0	12	45
905	11	57	12	2	0	14	43
906	10	41	6	4	0	10	31
907	11	61	34	0	0	34	27
908	10	36	6	1	0	7	29
909	10	33	3	2	0	5	28
910	11	49	6	3	0	9	40
911	11	52	12	0	0	12	40
912	10	37	3	6	0	9	28
913	11	46	6	0	0	6	40
914	11	49	9	0	0	9	40
915	10	40	8	1	0	9	31
916	11	49	12	0	0	12	37
917	10	41	12	0	0	12	29
918	10	37	6	6	0	12	25
919	11	44	6	1	0	7	37
920	12	55	30	0	0	30	25
921	11	44	12	1	0	13	31
922	10	33	6	2	0	8	25
923	10	36	6	1	0	7	29
924	10	36	12	1	0	13	23
925	9	25	6	2	0	8	17
926	9	25	3	9	0	12	13
927	10	34	12	0	0	12	22
928	10	37	8	3	0	11	26
929	10	40	24	0	0	24	16
930	9	28	4	6	0	10	18
931	9	28	4	12	0	16	12
932	10	44	28	4	0	32	12
933	10	40	40	0	0	40	0
934	9	28	8	6	0	14	14
935	9	24	4	8	0	12	12
936	10	32	12	0	0	12	20
937	11	49	24	0	0	24	25
938	10	37	9	3	0	12	25
939	10	40	16	2	0	18	22
940	10	36	9	2	0	11	25
941	9	28	9	1	0	10	18
942	10	32	4	4	0	8	24
943	11	50	30	1	0	31	19
944	11	40	20	0	0	20	20
945	10	32	8	4	0	12	20
946	9	24	4	8	0	12	12
947	10	32	32	0	0	32	0
948	9	24	8	8	0	16	8
949	9	25	12	3	0	15	10
950	9	24	12	4	0	16	8
951	8	16	4	12	0	16	0
952	11	51	18	0	0	18	33
953	10	39	6	12	0	18	21
954	10	40	8	2	0	10	30
955	11	45	18	9	0	27	18
956	12	54	18	0	0	18	36
957	11	45	9	9	0	18	27
958	11	48	12	6	0	18	30
959	10	36	18	18	0	36	0
960	10	36	9	9	0	18	18
961	11	45	9	0	0	9	36
962	11	48	12	6	0	18	30
963	11	48	6	0	0	6	42
964	11	48	8	2	0	10	38
965	10	36	12	6	0	18	18
966	11	48	12	6	0	18	30
967	11	48	12	6	0	18	30
968	11	48	12	0	0	12	36
969	10	39	12	3	0	15	24
970	10	36	18	18	0	36	0
971	10	36	18	0	0	18	18
972	9	27	18	9	0	27	0
973	11	51	9	0	0	9	42
974	10	39	3	6	0	9	30
975	11	45	9	9	0	18	27
976	12	54	9	0	0	9	45
977	11	48	6	3	0	9	39
978	11	45	9	0	0	9	36
979	10	36	9	9	0	18	18
980	11	48	6	3	0	9	39
981	11	48	3	0	0	3	45
982	12	64	4	1	0	5	59
983	11	55	4	0	0	4	51
984	11	48	12	3	0	15	33
985	11	48	6	3	0	9	39
986	11	48	12	0	0	12	36
987	10	39	6	0	0	6	33
988	10	36	6	3	0	9	27
989	10	36	9	9	0	18	18
990	11	45	9	0	0	9	36
991	10	36	9	0	0	9	27
992	9	27	9	0	0	9	18
993	11	51	12	0	0	12	39
994	10	39	6	6	0	12	27
995	11	48	12	6	0	18	30
996	11	48	6	0	0	6	42
997	10	36	12	6	0	18	18
998	11	48	12	6	0	18	30
999	11	45	12	3	0	15	30
